============================================================================================
 Iterative Q-disambiguation via Anregerkurve consistency
============================================================================================

Loading cached candidates from baryon_candidates_cache.pkl ...
  145 states with at least one candidate
  145 states with > 1 Q candidate (ambiguous)
  0 states with single Q candidate (locked)

Step 3-4: iterating assignment until stable...
  Iter 0: 15 sectors fitted, total inconsistency = 2.1645
           changed Q for 63 states
  Iter 1: 15 sectors fitted, total inconsistency = 1.4694
           changed Q for 30 states
  Iter 2: 15 sectors fitted, total inconsistency = 1.1505
           changed Q for 20 states
  Iter 3: 15 sectors fitted, total inconsistency = 0.9460
           changed Q for 5 states
  Iter 4: 15 sectors fitted, total inconsistency = 0.8993
           changed Q for 3 states
  Iter 5: 15 sectors fitted, total inconsistency = 0.8547
           changed Q for 4 states
  Iter 6: 15 sectors fitted, total inconsistency = 0.9123
           changed Q for 4 states
  Iter 7: 15 sectors fitted, total inconsistency = 0.8547
           changed Q for 4 states
  Iter 8: 15 sectors fitted, total inconsistency = 0.9123
           changed Q for 4 states
  Iter 9: 15 sectors fitted, total inconsistency = 0.8547
           changed Q for 4 states

============================================================================================
Final per-sector consistency (15 sectors):
============================================================================================
  Sector                   #    κ         W_0           a           b    max |Δf|
  ------------------------------------------------------------------------------
  P=0 Q=1 q=+0             5    0    1.68e+04     -0.8799     +0.0012   6.484e-03
  P=0 Q=5 q=+0            11    0    9.29e+04     -1.0151     +0.0006   6.002e-03
  P=1 Q=1 q=+0             7    0    1.48e+04     -0.9365     +0.0034   2.461e-02
  P=1 Q=1 q=+1             5    0    1.48e+04     -1.0974     +0.0081   7.398e-02
  P=1 Q=5 q=+0            20    0    2.91e+05     -1.0694     +0.0014   1.383e-02
  P=1 Q=5 q=+1            22    0    2.97e+05     -1.0546     +0.0007   3.696e-02
  P=2 Q=1 q=-1             7    1     3.4e+05     -1.0318     +0.0004   2.437e-03
  P=2 Q=1 q=+0            18    0    1.82e+04     -0.8647     +0.0012   1.635e-02
  P=2 Q=1 q=+1             5    0    1.81e+04     -0.9305     +0.0022   7.587e-03
  P=2 Q=3 q=-1             9    0    2.19e+04     -0.8860     +0.0007   1.752e-03
  P=2 Q=5 q=-1             5    0    2.34e+06     -1.0720     +0.0005   1.024e-02
  P=2 Q=5 q=+0             3    0    2.35e+06     -1.1594     +0.0020   1.651e-02
  P=2 Q=5 q=+1            16    0    2.41e+06     -1.0320     +0.0002   6.063e-03
  P=3 Q=1 q=+0             4    1    6.79e+06     -1.0227     +0.0000   3.379e-03
  P=3 Q=5 q=+0             8    0    1.66e+06     -1.0117     +0.0000   3.376e-03

  Final Q distribution: {1: 51, 3: 9, 5: 85}

Final per-state assignment (sorted by family):

  --- Λ* (16) ---
  symbol          P  qx         M_t    K_B    Q  (n,m,p,σ)                     Δ_M    Δ_KB
  Λ(1330)         0  +0   1329.8831     10    1  (-10, -13, -22, -9)       -0.8233   +0.31
  Λ(1405)         0  +0   1403.3999     79    5  (-10, -7, 2, -15)       +285.2739  -30.07
  Λ(1520)         0  +0   1516.3419     36    5  (-10, -10, -3, -9)        -9.6845   +0.13
  Λ(1670)         0  +0   1669.9762      4    5  (-9, -13, -21, -1)        +0.2852   -0.33
  Λ(1690)         0  +0   1693.2832     61    5  (-10, -7, 2, -15)         -4.6094  -12.07
  Λ(1750)         0  +0   1754.7613     25    5  (-9, -11, -15, -14)       +4.0528   -0.18
  Λ(1815)         0  +0   1815.4961    -10    5  (-9, -10, -12, 25)        +0.0711   -0.10
  Λ(1830)         0  +0   1830.4081     11    5  (-9, -9, -26, -15)        +0.1159   -0.13
  Λ(1860)         0  +0   1864.6313     -5    5  (-8, -26, -29, -3)        -0.0471   -0.20
  Λ(1870)         0  +0   1884.4529      1    5  (-8, -22, -33, -15)       +0.0955   +0.36
  Λ(2010)         0  +0   2010.5372     17    1  (-9, -7, -2, 11)          +0.5733   +0.49
  Λ(2020)         0  +0   2018.1998     18    1  (-9, -6, -18, -11)        -0.0440   -0.25
  Λ(2100)         0  +0   2095.9533      0    5  (-8, -13, -15, 11)        -0.0076   -0.18
  Λ(2110)         0  +0   2113.6593     34    5  (-9, -5, -8, -14)         +1.3325   +0.34
  Λ(2350)         0  +0   2344.7465     30    1  (-8, -8, -6, -7)          +1.1060   +0.06
  Λ(2585)         0  +0   2591.7184      5    1  (-8, -4, -11, 11)         -0.3105   +0.26

  --- N* (40) ---
  symbol          P  qx         M_t    K_B    Q  (n,m,p,σ)                     Δ_M    Δ_KB
  N(1470)⁰        1  +0   1470.4888     10    5  (-9, -23, -26, -14)       -0.0128   -0.13
  N(1470)±        1  +1   1480.1770     38    5  (-11, -9, 1, -8)         -21.0862   +0.48
  N(1520)⁰        1  +0   1509.6087     29    5  (-10, -10, -3, -2)        -2.0878   +0.13
  N(1520)±        1  +1   1515.7293      8    5  (-10, -13, -13, 4)        +1.5790   +0.29
  N(1535)⁰        1  +0   1533.9788     -2    5  (-9, -19, -17, 10)        -0.3890   +0.11
  N(1535)±        1  +1   1535.3254      8    5  (-10, -12, -22, -7)       -0.3438   -0.41
  N(1670)⁰        1  +0   1657.9536      8    5  (-9, -14, -13, 6)         -0.2459   -0.46
  N(1670)±        1  +1   1679.5754      0    5  (-10, -9, -27, -6)        -0.0507   +0.10
  N(1688)⁰        1  +0   1694.3687    -23    5  (-9, -12, -34, 8)         +0.7685   +0.00
  N(1688)±        1  +1   1719.4898     11    5  (-9, -18, -25, -14)       +0.1740   -0.31
  N(1700)⁰        1  +0   1734.6717     63    5  (-10, -7, 2, -15)        -45.8369  -14.07
  N(1700)±        1  +1   1751.2494    -12    5  (-9, -18, -13, 24)        -0.0259   +0.29
  N(1770)⁰        1  +0   1771.8218     14    5  (-9, -11, -11, 2)         +0.4867   +0.26
  N(1770)±        1  +1   1769.0721     65    5  (-10, -8, 2, -15)        +63.5724  -18.22
  N(1780)⁰        1  +0   1784.3644     -9    5  (-9, -10, -26, 5)         -0.2356   -0.13
  N(1780)±        1  +1   1782.2884      0    5  (-10, -8, -10, 16)        +0.1901   +0.19
  N(1810)⁰        1  +0   1808.3795     38    5  (-9, -11, -4, -12)       -11.7014   -0.23
  N(1810)±        1  +1   1808.5253     40    5  (-10, -8, -3, -15)        -0.8067   +0.28
  N(1990)⁰        1  +0   1974.9129     60    5  (-9, -6, 3, -15)        +120.3149   -9.71
  N(1990)±        1  +1   1989.7028     50    5  (-9, -7, 4, -15)        +299.3227   -0.62
  N(2000)⁰        1  +0   2011.0552     -3    5  (-8, -15, -27, -2)        +0.1485   -0.49
  N(2000)±        1  +1   2001.9706    -37    1  (-9, -10, -34, 22)        +0.3821   +0.00
  N(2040)⁰        1  +0   2044.8079      7    5  (-8, -14, -23, -7)        +0.0736   -0.05
  N(2040)±        1  +1   2034.6322     30    1  (-9, -10, -11, -15)       +4.0134   -0.11
  N(2100)⁰        1  +0   2107.8085     78    5  (-9, -6, 3, -15)         -12.5807  -27.71
  N(2100)±        1  +1   2120.5890     25    5  (-9, -9, -5, -2)          -1.5265   -0.32
  N(2190)⁰        1  +0   2200.5168    -14    5  (-8, -10, -23, 14)        -0.4143   -0.05
  N(2190)±        1  +1   2195.5259     21    1  (-8, -18, -17, -14)       +0.2364   +0.09
  N(2220)⁰        1  +0   2244.1911     66    5  (-8, -4, 6, -15)        +418.9448  -11.63
  N(2220)±        1  +1   2245.4563     43    5  (-9, -7, -1, -15)        +17.1771   -0.12
  N(2650)⁰        1  +0   2653.5304      2    1  (-8, -3, -17, 6)          -0.6784   +0.11
  N(2650)±        1  +1   2652.4071     -9    5  (-7, -25, -24, 7)         +0.4841   -0.01
  N(3030)⁰        1  +0   3036.2404     41    1  (-7, -5, -4, -15)         -1.8024   -0.23
  N(3030)±        1  +1   3033.5279     54    5  (-8, -4, 8, -14)         -27.6623   -0.42
  N(3245)⁰        1  +0   3234.0166     61    1  (-7, -2, 9, -15)        +102.2091   -2.56
  N(3245)±        1  +1   3231.8730     28    5  (-7, -7, -12, -14)        -1.5122   -0.41
  N(3690)⁰        1  +0   3689.8085      3    1  (-5, -19, -29, -11)       +0.0682   -0.20
  N(3690)±        1  +1   3684.1957      4    5  (-7, -2, -4, 20)          -0.2820   -0.02
  N(3755)⁰        1  +0   3751.7230     37    1  (-6, -3, -7, -15)         +7.8244   -0.30
  N(3755)±        1  +1   3728.0808     31    5  (-7, -2, 5, 5)            +0.3265   -0.32

  --- Ξ* (14) ---
  symbol          P  qx         M_t    K_B    Q  (n,m,p,σ)                     Δ_M    Δ_KB
  Ξ(1530)⁰        1  +0   1531.5487      9    1  (-9, -18, -27, -14)       -0.5516   -0.49
  Ξ(1530)±        1  +1   1534.7628      5    1  (-10, -12, -22, -4)       +0.3561   -0.41
  Ξ(1630)⁰        1  +0   1621.5840     30    1  (-10, -8, 0, 1)           +1.2848   +0.21
  Ξ(1630)±        1  +1   1661.1690     20    1  (-10, -10, -11, -5)       -0.8061   -0.11
  Ξ(1820)⁰        1  +0   1828.9065     35    5  (-9, -10, -7, -13)        +0.0554   -0.30
  Ξ(1820)±        1  +1   1810.8367      9    5  (-10, -7, -23, -10)       +0.3716   +0.29
  Ξ(1940)⁰        1  +0   1944.8454     59    5  (-9, -6, 3, -15)        +150.3824   -8.71
  Ξ(1940)±        1  +1   1945.2579     27    5  (-9, -12, -10, -11)       +1.2336   +0.19
  Ξ(2030)⁰        1  +0   2027.8157     -4    5  (-9, -6, -15, 15)         +0.4634   -0.18
  Ξ(2030)±        1  +1   2037.5528     -3    5  (-9, -10, -12, 17)        +1.5324   -0.41
  Ξ(2250)⁰        1  +0   2247.4841     65    5  (-8, -4, 6, -15)        +415.6518  -10.63
  Ξ(2250)±        1  +1   2241.9080     -4    5  (-8, -16, -19, 8)         -0.0806   +0.49
  Ξ(2500)⁰        1  +0   2481.8202     42    5  (-8, -6, -2, -14)         +0.6223   +0.49
  Ξ(2500)±        1  +1   2517.9008     13    5  (-8, -10, -7, 7)          -1.1516   +0.08

  --- Δ* (12) ---
  symbol          P  qx         M_t    K_B    Q  (n,m,p,σ)                     Δ_M    Δ_KB
  Δ(1650)         3  +0   1651.0807     11    1  (-9, -14, -15, 0)         +0.6238   -0.18
  Δ(1670)         3  +0   1678.6242     44    1  (-10, -7, 0, -13)         +0.9190   +0.21
  Δ(1690)         3  +0   1690.0383      0    5  (-10, -7, 1, 33)          -0.8003   -0.43
  Δ(1890)         3  +0   1887.9876      1    5  (-9, -8, -24, -2)         +0.1674   -0.41
  Δ(1900)         3  +0   1900.8602     56    5  (-9, -6, 3, -15)        +194.8639   -5.71
  Δ(1910)         3  +0   1915.2764    -27    5  (-8, -20, -27, 22)        -0.5017   -0.49
  Δ(1950)         3  +0   1949.2695     59    5  (-9, -6, 3, -15)        +146.4546   -8.71
  Δ(1960)         3  +0   1965.3571     38    5  (-9, -8, 0, -7)           -4.0629   +0.21
  Δ(2160)         3  +0   2153.9221     33    5  (-8, -12, -8, -13)        -1.5496   +0.34
  Δ(2420)         3  +0   2422.5186     12    5  (-7, -19, -24, -13)       -0.1705   -0.41
  Δ(2850)         3  +0   2856.6694     63    1  (-7, -2, 9, -15)        +479.8414   -4.56
  Δ(3230)         3  +0   3229.6911     34    1  (-6, -12, -8, -14)        +0.3936   +0.34

  --- Σ* (63) ---
  symbol          P  qx         M_t    K_B    Q  (n,m,p,σ)                     Δ_M    Δ_KB
  Σ(1385)⁻        2  -1   1383.0000     11    5  (-11, -9, -19, -7)        +0.4521   +0.49
  Σ(1385)⁰        2  +0   1382.0000     59    5  (-10, -7, 2, -15)       +306.2408  -10.07
  Σ(1385)⁺        2  +1   1386.0000     22    1  (-10, -17, -14, -11)      +0.6419   -0.01
  Σ(1440)⁻        2  -1   1441.0000      9    5  (-11, -9, -3, 16)         +0.1776   +0.28
  Σ(1440)⁰        2  +0   1434.0000     71    5  (-10, -7, 2, -15)       +254.2408  -22.07
  Σ(1440)⁺        2  +1   1441.0000     -5    1  (-10, -15, -15, 15)       +0.7354   -0.31
  Σ(1480)⁻        2  -1   1492.0000     64    5  (-11, -9, 1, -15)        -34.6729  -18.52
  Σ(1480)⁰        2  +0   1490.0000     12    1  (-9, -21, -25, -15)       -0.5660   +0.23
  Σ(1480)⁺        2  +1   1489.0000     52    1  (-11, -9, 1, -15)        -31.2905   -6.52
  Σ(1620)⁻        2  -1   1624.0000     18    1  (-10, -11, -7, 2)         +1.2073   +0.08
  Σ(1620)⁰        2  +0   1622.0000     10    1  (-9, -15, -15, 1)         +0.2875   -0.18
  Σ(1620)⁺        2  +1   1616.0000     20    5  (-10, -11, -9, -3)        +0.4897   +0.49
  Σ(1670)⁻        2  -1   1664.0000      8    1  (-9, -22, -22, -7)        -0.4619   -0.41
  Σ(1670)⁰        2  +0   1660.0000     15    1  (-9, -14, -12, 0)         -0.2241   -0.10
  Σ(1670)⁺        2  +1   1678.0000    -23    5  (-10, -9, -30, 13)        +0.0556   +0.20
  Σ(1690)⁻        2  -1   1691.0000    -10    1  (-9, -20, -22, 11)        -0.1182   -0.41
  Σ(1690)⁰        2  +0   1683.0000     43    1  (-10, -7, 1, -10)         +1.0971   -0.43
  Σ(1690)⁺        2  +1   1705.0000     57    5  (-10, -8, 2, -15)       +126.6707  -10.22
  Σ(1750)⁻        2  -1   1752.0000    -25    1  (-10, -8, -21, 27)        +0.4842   -0.11
  Σ(1750)⁰        2  +0   1747.0000     34    1  (-9, -12, -6, -11)        +1.2678   +0.06
  Σ(1750)⁺        2  +1   1750.0000      5    5  (-10, -9, -3, 20)         +0.1041   +0.28
  Σ(1765)⁻        2  -1   1769.0000      9    3  (-9, -16, -24, -11)       -0.0941   -0.01
  Σ(1765)⁰        2  +0   1766.0000     10    1  (-9, -11, -13, 4)         +0.0425   -0.46
  Σ(1765)⁺        2  +1   1770.0000     -2    5  (-9, -16, -24, 0)         -0.0441   -0.01
  Σ(1840)⁻        2  -1   1847.0000     19    3  (-9, -14, -16, -11)       +1.3368   +0.39
  Σ(1840)⁰        2  +0   1844.0000     11    1  (-9, -10, -4, 15)         -0.6943   -0.23
  Σ(1840)⁺        2  +1   1848.0000     47    5  (-10, -8, 2, -15)        -16.3293   -0.22
  Σ(1880)⁻        2  -1   1884.0000     65    1  (-10, -8, 2, -15)        -51.9469  -18.22
  Σ(1880)⁰        2  +0   1887.0000     61    1  (-9, -6, 3, -15)        +207.8977  -10.71
  Σ(1880)⁺        2  +1   1885.0000      7    5  (-9, -13, -17, 0)         -1.1425   +0.09
  Σ(1915)⁻        2  -1   1909.0000     28    3  (-9, -13, -9, -11)        -0.9733   +0.49
  Σ(1915)⁰        2  +0   1923.0000     16    1  (-8, -20, -19, -11)       +0.1835   +0.39
  Σ(1915)⁺        2  +1   1908.0000     24    5  (-9, -13, -9, -7)         +0.2868   +0.49
  Σ(1940)⁻        2  -1   1932.0000     23    3  (-9, -12, -14, -12)       +0.4000   -0.01
  Σ(1940)⁰        2  +0   1951.0000     44    1  (-9, -8, -2, -15)         -0.4718   -0.51
  Σ(1940)⁺        2  +1   1931.0000    -10    1  (-9, -12, -16, 18)        -0.7419   +0.39
  Σ(2000)⁻        2  -1   2003.0000      8    3  (-9, -10, -26, -13)       +0.1003   +0.40
  Σ(2000)⁰        2  +0   2012.0000      1    1  (-8, -15, -26, -5)        -0.3363   -0.13
  Σ(2000)⁺        2  +1   2002.0000    -45    5  (-9, -10, -34, 30)        +0.4827   +0.00
  Σ(2030)⁻        2  -1   2035.0000     21    3  (-9, -10, -12, -7)        +0.5945   -0.41
  Σ(2030)⁰        2  +0   2031.0000     12    1  (-9, -7, 2, 22)           -0.1460   -0.07
  Σ(2030)⁺        2  +1   2031.0000      5    1  (-9, -10, -14, 6)         -0.0522   -0.01
  Σ(2070)⁻        2  -1   2066.0000      2    3  (-9, -9, -22, -1)         +0.0484   -0.41
  Σ(2070)⁰        2  +0   2071.0000     38    5  (-9, -6, -2, -10)         +0.2704   +0.49
  Σ(2070)⁺        2  +1   2064.0000     40    5  (-9, -10, -3, -15)        +6.1299   +0.28
  Σ(2080)⁻        2  -1   2083.0000      9    3  (-9, -9, -15, 1)          -0.3042   -0.31
  Σ(2080)⁰        2  +0   2089.0000     29    1  (-9, -6, 1, 4)            -2.1510   -0.43
  Σ(2080)⁺        2  +1   2074.0000     10    5  (-9, -9, -18, -4)         +0.0228   -0.21
  Σ(2100)⁻        2  -1   2103.0000     31    3  (-9, -9, -8, -12)         +1.8352   -0.22
  Σ(2100)⁰        2  +0   2106.0000     52    1  (-9, -6, 3, -15)         -11.1023   -1.71
  Σ(2100)⁺        2  +1   2093.0000      6    5  (-9, -9, -12, 8)          -0.4683   -0.41
  Σ(2250)⁻        2  -1   2243.0000    -12    1  (-8, -16, -19, 16)        -0.8613   +0.49
  Σ(2250)⁰        2  +0   2250.0000     33    1  (-8, -10, -4, -7)         +2.0778   -0.23
  Σ(2250)⁺        2  +1   2252.0000     35    5  (-9, -7, -3, -10)         +0.6932   +0.28
  Σ(2455)⁻        2  -1   2444.0000     18    1  (-8, -11, -13, -6)        -1.3735   +0.29
  Σ(2455)⁰        2  +0   2458.0000     56    1  (-8, -4, 6, -15)        +204.8059   -1.63
  Σ(2455)⁺        2  +1   2455.0000      3    5  (-8, -11, -10, 13)        -0.4950   +0.19
  Σ(2620)⁻        2  -1   2624.0000    -27    5  (-7, -31, -34, 12)        +9.9945   +0.00
  Σ(2620)⁰        2  +0   2625.0000    -12    1  (-7, -12, -15, 23)        +1.1570   -0.18
  Σ(2620)⁺        2  +1   2621.0000     26    5  (-8, -8, -9, -9)          +1.2248   +0.49
  Σ(3000)⁻        2  -1   2994.0000    -85    5  (-7, -10, -34, 34)       +21.7085  +36.00
  Σ(3000)⁰        2  +0   3001.0000     38    1  (-7, -6, 3, -3)           -0.9641   +0.29
  Σ(3000)⁺        2  +1   3003.0000     12    5  (-8, -4, 7, 26)           +0.2471   +0.28

OVERALL: K_B≈exact 120/145, Δ_M<0.5 MeV 64/145, Δ_M<2 MeV 106/145
