====================================================================================================
 Heim z=0 claim verification (J0032 p.27a)
====================================================================================================

Heim's claim: Tabellen IV (k=1) and V_{a,b,c} (k=2) assembled under
z(N) = 0 approximation, error < 0.1 MeV.  Named exceptions:
  ω(783) and η'(958) for k=1; N(1688) for k=2.

Loaded 145 baryon candidates, 36 meson candidates

=== k=1 mesonic resonances ===
  symbol          P  qx    N  Q₀   κ        ΔM   ΔKB      |Δf|  verdict
  ------------------------------------------------------------------------------------------
  ε               0  +0   49   0   0   +0.0214 +0.00    0.0000  PASS
  ω(783)          0  +0   64   2   1   +1.6310 +4.00   17.0075  EXCEPTION
  η'(958)         0  +0  144   0   0  +13.6350 +0.00    0.0113  EXCEPTION
  S*(993)         0  +0  170   0   0   +0.0249 +0.00    0.0001  PASS
  Φ(1019)         0  +0  153   2   1  +17.2791 +16.00   21.3487  FAIL
  f(1270)         0  +0  253   0   0  +22.9875 +0.00    0.0176  FAIL
  D(1285)         0  +0  255   0   0  +34.6243 +0.00    0.0247  FAIL
  E(1420)         0  +0  272   0   0   +2.6865 +35.00    0.1159  FAIL
  f'(1514)        0  +0  323   0   0  +12.9916 +0.00    0.0755  FAIL
  ω(1675)         0  +0  342   2   1  +25.9899 +24.00   30.1359  FAIL
  K*(892)⁰        1  +0   23   0   1   +0.0277 +0.00    0.1297  FAIL
  K*(892)±        1  +1   11   0   1   +0.0184 +0.23    0.1728  FAIL
  K_A(1240)⁰      1  +0   83   0   1   +0.0357 +0.00    0.1337  FAIL
  K_A(1240)±      1  +1   69   0   1   +0.0292 +0.36    0.1223  FAIL
  K*(1420)⁰       1  +0   98   0   1   +0.1416 +0.00    0.0184  FAIL
  K*(1420)±       1  +1  101   0   1   +0.0439 +0.49    0.0876  FAIL
  L(1770)⁰        1  +0  161   0   1  +38.0770 +18.00    0.0058  FAIL
  L(1770)±        1  +1  164   0   1   +0.0328 +0.42    0.0206  PASS
  ρ(770)⁰         2  +0    8   0   1   +0.0239 +0.00    0.0328  PASS
  ρ(770)±         2  +1    5   0   1   +0.0239 +0.25    0.3426  FAIL
  δ(970)⁰         2  +0   39   0   1   +9.7859 +0.00    0.0148  FAIL
  δ(970)±         2  +1   21   0   1   +4.3969 +0.11    0.2654  FAIL
  A1(1100)⁰       2  +0   76   0   1  +18.7753 +0.00    0.4858  FAIL
  A1(1100)±       2  +1   48   0   1  +24.2346 +0.21    0.5222  FAIL
  B(1235)⁰        2  +0   93   0   1   +0.1751 +0.00    0.3402  FAIL
  B(1235)±        2  +1   79   0   1   +0.0385 +0.23    0.5432  FAIL
  A2(1310)⁰       2  +0  127   0   1  +23.5388 +0.00    0.6361  FAIL
  A2(1310)±       2  +1   86   0   1  +60.8692 +13.00    0.6518  FAIL
  F1(1540)⁰       2  +0  182   0   0  +20.7828 +0.00    0.6937  FAIL
  F1(1540)±       2  +1  145   0   1   +0.0161 +0.13    0.6789  FAIL
  ρ'(1600)⁰       2  +0  215   0   0   +0.0499 +0.00    0.9956  FAIL
  ρ'(1600)±       2  +1  156   0   1   +0.0498 +0.21    0.7016  FAIL
  A3(1640)⁰       2  +0  221   0   0   +3.5705 +0.00    1.0055  FAIL
  A3(1640)±       2  +1  160   0   1   +2.8309 +0.17    0.7194  FAIL
  g(1680)⁰        2  +0  228   0   0  +47.8056 +0.00    1.0892  FAIL
  g(1680)±        2  +1  165   0   1  +47.9595 +0.21    0.8025  FAIL

  Mesons: 4 pass / 32 fail

=== k=2 baryonic resonances ===
  symbol          P  qx    N  Q₀   κ        ΔM   ΔKB      |Δf|  verdict
  ------------------------------------------------------------------------------------------
  N(1470)⁰        1  +0   13   1   1   +0.0456 +0.30    0.0774  FAIL
  N(1470)±        1  +1   12   1   0   +0.0460 +0.13    0.1198  FAIL
  N(1520)⁰        1  +0   14   1   1   +0.0468 +0.23    0.0660  FAIL
  N(1520)±        1  +1   13   1   0   +0.1711 +0.20    0.1203  FAIL
  N(1535)⁰        1  +0   18   1   1   +0.0476 +0.49    0.0203  PASS
  N(1535)±        1  +1   17   1   0   +0.0248 +0.31    0.1236  FAIL
  N(1670)⁰        1  +0   23   1   1   +0.0011 +0.37    0.0360  PASS
  N(1670)±        1  +1   22   1   0   +0.0521 +0.49    0.1242  FAIL
  N(1688)⁰        1  +0   24   1   1   +0.0055 +0.08    0.0484  PASS
  N(1688)±        1  +1   23   1   0   +0.0534 +0.01    0.1244  EXCEPTION
  N(1700)⁰        1  +0   25   1   1   +0.5453 +0.48    0.0599  FAIL
  N(1700)±        1  +1   27   1   1   +0.0066 +0.40    0.0985  FAIL
  N(1770)⁰        1  +0   26   1   1   +0.0550 +0.10    0.0713  FAIL
  N(1770)±        1  +1   24   1   1   +0.0549 +0.23    0.1230  FAIL
  N(1780)⁰        1  +0   31   1   0   +0.0296 +0.15    0.1210  FAIL
  N(1780)±        1  +1   29   1   1   +0.0357 +0.20    0.0825  FAIL
  N(1810)⁰        1  +0   32   1   1   +0.0519 +0.19    0.0808  FAIL
  N(1810)±        1  +1   30   1   1   +0.0653 +0.14    0.1347  FAIL
  N(1990)⁰        1  +0   37   1   0   +0.5126 +0.20    0.1216  FAIL
  N(1990)±        1  +1   35   1   1   +0.0617 +0.37    0.0339  PASS
  N(2000)⁰        1  +0   42   1   0   +0.0226 +0.15    0.1220  FAIL
  N(2000)±        1  +1   39   1   1   +0.0046 +0.20    0.0012  PASS
  N(2040)⁰        1  +0   44   1   0   +0.0635 +0.03    0.1222  FAIL
  N(2040)±        1  +1   41   1   1   +0.0945 +0.12    0.0412  PASS
  N(2100)⁰        1  +0   40   1   0   +2.8429 +0.17    0.1216  FAIL
  N(2100)±        1  +1   44   1   1   +0.0940 +0.17    0.0378  PASS
  N(2190)⁰        1  +0   49   1   0   +0.0683 +0.03    0.1225  FAIL
  N(2190)±        1  +1   46   1   1   +0.1529 +0.03    0.0541  FAIL
  N(2220)⁰        1  +0   50   1   0   +0.5674 +0.40    0.1225  FAIL
  N(2220)±        1  +1   47   1   1   +0.0697 +0.07    0.0640  FAIL
  N(2650)⁰        1  +0   73   1   0   +0.0246 +0.44    0.1231  FAIL
  N(2650)±        1  +1   69   1   0   +0.0248 +0.20    0.1280  FAIL
  N(3030)⁰        1  +0   90   1   0   +0.0942 +0.15    0.1236  FAIL
  N(3030)±        1  +1   85   1   0   +0.0942 +0.07    0.1285  FAIL
  N(3245)⁰        1  +0   95   1   0   +0.1004 +0.25    0.1237  FAIL
  N(3245)±        1  +1   90   1   0   +0.1003 +0.49    0.1286  FAIL
  N(3690)⁰        1  +0  119   1   0   +0.0329 +0.20    0.1239  FAIL
  N(3690)±        1  +1  113   1   0   +0.0448 +0.50    0.1288  FAIL
  N(3755)⁰        1  +0  113   1   0   +0.1072 +0.43    0.0011  FAIL
  N(3755)±        1  +1  115   1   0   +0.0863 +0.26    0.2306  FAIL
  Λ(1330)         0  +0   25   1   0   +0.0002 +0.31    0.0006  PASS
  Λ(1405)         0  +0   22   1   0   +0.0435 +0.17    0.0000  PASS
  Λ(1520)         0  +0   37   1   0   +0.0471 +0.20    0.0000  PASS
  Λ(1670)         0  +0   54   1   0   +0.0519 +0.23    0.0000  PASS
  Λ(1690)         0  +0   55   1   0   +1.0986 +0.16    0.0001  FAIL
  Λ(1750)         0  +0   58   1   0   +0.0545 +0.18    0.0000  PASS
  Λ(1815)         0  +0   70   1   0   +0.0539 +0.13    0.0001  PASS
  Λ(1830)         0  +0   71   1   0   +0.0219 +0.07    0.0015  PASS
  Λ(1860)         0  +0   73   1   0   +0.0579 +0.05    0.0000  PASS
  Λ(1870)         0  +0   74   1   0   +0.0072 +0.28    0.0001  PASS
  Λ(2010)         0  +0   87   1   0   +0.3300 +0.24    0.0511  FAIL
  Λ(2020)         0  +0   88   1   0   +0.0277 +0.23    0.0545  FAIL
  Λ(2100)         0  +0   94   1   0   +0.0213 +0.28    0.0001  PASS
  Λ(2110)         0  +0   84   1   0   +0.1537 +0.29    0.0765  FAIL
  Λ(2350)         0  +0  116   1   0   +0.1237 +0.30    0.0742  FAIL
  Λ(2585)         0  +0  136   1   0   +0.0085 +0.41    0.0003  PASS
  Ξ(1530)⁰        1  +0    4   1   1   +0.1444 +0.49    0.0021  FAIL
  Ξ(1530)±        1  +1    2   1   1   +0.0554 +0.20    0.0476  PASS
  Ξ(1630)⁰        1  +0    7   1   1   +0.1251 +0.10    0.0285  FAIL
  Ξ(1630)±        1  +1    4   1   1   +0.0515 +0.12    0.0413  PASS
  Ξ(1820)⁰        1  +0   16   1   0   +0.0567 +0.15    0.1221  FAIL
  Ξ(1820)±        1  +1   10   1   1   +0.0009 +0.08    0.0514  FAIL
  Ξ(1940)⁰        1  +0   19   1   0   +1.6050 +0.20    0.1264  FAIL
  Ξ(1940)±        1  +1   13   1   1   +0.0604 +0.33    0.0356  PASS
  Ξ(2030)⁰        1  +0   25   1   0   +0.0158 +0.08    0.1356  FAIL
  Ξ(2030)±        1  +1   19   1   1   +0.0633 +0.41    0.0935  FAIL
  Ξ(2250)⁰        1  +0   31   1   0   +0.0698 +0.03    0.1458  FAIL
  Ξ(2250)±        1  +1   24   1   1   +0.0186 +0.10    0.1426  FAIL
  Ξ(2500)⁰        1  +0   42   1   0   +0.0022 +0.11    0.1627  FAIL
  Ξ(2500)±        1  +1   35   1   0   +0.1790 +0.01    0.2400  FAIL
  Δ(1650)         3  +0   44   3   1   +0.0777 +0.20    0.5309  FAIL
  Δ(1670)         3  +0   48   3   1   +0.1309 +0.35    0.4586  FAIL
  Δ(1690)         3  +0   71   3   1   +0.1867 +0.07    0.3808  FAIL
  Δ(1890)         3  +0  124   3   1   +0.0755 +0.10    0.1031  FAIL
  Δ(1900)         3  +0  125   3   1   +0.0174 +0.32    0.1541  FAIL
  Δ(1910)         3  +0  129   3   1   +5.2431 +0.25    0.0803  FAIL
  Δ(1950)         3  +0  134   3   1   +0.2527 +0.40    0.0549  FAIL
  Δ(1960)         3  +0  137   3   1   +0.2211 +0.32    0.0412  FAIL
  Δ(2160)         3  +0  211   3   1   +0.1320 +0.47    0.2504  FAIL
  Δ(2420)         3  +0  302   3   1   +0.0831 +0.37    0.7425  FAIL
  Δ(2850)         3  +0  419   3   1   +0.8352 +0.48    1.3046  FAIL
  Δ(3230)         3  +0  572   3   1   +0.1710 +0.24    1.9763  FAIL
  Σ(1385)⁻        2  -1   13   1   0   +0.0075 +0.09    0.5474  FAIL
  Σ(1385)⁰        2  +0    6   1   0   +0.1910 +0.32    0.4237  FAIL
  Σ(1385)⁺        2  +1   13   1   0   +0.0884 +0.38    0.5431  FAIL
  Σ(1440)⁻        2  -1   16   1   0   +0.0216 +0.38    0.5655  FAIL
  Σ(1440)⁰        2  +0    8   1   0   +0.2874 +0.32    0.4416  FAIL
  Σ(1440)⁺        2  +1   16   1   0   +0.0703 +0.29    0.4998  FAIL
  Σ(1480)⁻        2  -1   18   1   0   +0.0745 +0.13    0.5101  FAIL
  Σ(1480)⁰        2  +0   20   1   0   +0.1969 +0.44    0.4893  FAIL
  Σ(1480)⁺        2  +1   18   1   0   +0.0437 +0.37    0.5067  FAIL
  Σ(1620)⁻        2  -1   32   1   0   +0.0540 +0.32    0.5459  FAIL
  Σ(1620)⁰        2  +0   35   1   0   +0.0154 +0.10    0.5168  FAIL
  Σ(1620)⁺        2  +1   32   1   0   +0.0647 +0.02    0.5450  FAIL
  Σ(1670)⁻        2  -1   34   1   0   +0.0862 +0.32    0.5504  FAIL
  Σ(1670)⁰        2  +0   27   1   0   +0.0223 +0.03    0.5027  FAIL
  Σ(1670)⁺        2  +1   35   1   0   +0.0802 +0.00    0.5506  FAIL
  Σ(1690)⁻        2  -1   35   1   0   +0.0258 +0.10    0.5504  FAIL
  Σ(1690)⁰        2  +0   38   1   0   +0.0958 +0.48    0.5220  FAIL
  Σ(1690)⁺        2  +1   36   1   0   +0.0096 +0.37    0.5523  FAIL
  Σ(1750)⁻        2  -1   43   1   0   +0.0095 +0.20    0.5654  FAIL
  Σ(1750)⁰        2  +0   41   1   0   +0.0544 +0.37    0.5265  FAIL
  Σ(1750)⁺        2  +1   38   1   0   +0.0261 +0.10    0.5564  FAIL
  Σ(1765)⁻        2  -1   45   1   0   +0.0097 +0.49    0.5700  FAIL
  Σ(1765)⁰        2  +0   49   1   0   +0.0579 +0.31    0.5386  FAIL
  Σ(1765)⁺        2  +1   46   1   0   +0.0924 +0.11    0.6244  FAIL
  Σ(1840)⁻        2  -1   50   1   0   +0.1253 +0.12    0.5793  FAIL
  Σ(1840)⁰        2  +0   45   1   0   +0.0536 +0.11    0.5326  FAIL
  Σ(1840)⁺        2  +1   51   1   0   +0.0811 +0.22    0.5836  FAIL
  Σ(1880)⁻        2  -1   42   1   0   +0.0238 +0.04    0.5644  FAIL
  Σ(1880)⁰        2  +0   57   1   0   +0.2846 +0.16    0.5503  FAIL
  Σ(1880)⁺        2  +1   43   1   0   +0.0743 +0.38    0.4966  FAIL
  Σ(1915)⁻        2  -1   53   1   0   +0.0460 +0.13    0.5871  FAIL
  Σ(1915)⁰        2  +0   59   1   0   +0.0042 +0.18    0.5530  FAIL
  Σ(1915)⁺        2  +1   54   1   0   +0.1497 +0.22    0.5896  FAIL
  Σ(1940)⁻        2  -1   54   1   0   +0.1026 +0.39    0.5865  FAIL
  Σ(1940)⁰        2  +0   60   1   0   +0.1074 +0.32    0.5546  FAIL
  Σ(1940)⁺        2  +1   55   1   0   +0.0584 +0.29    0.5915  FAIL
  Σ(2000)⁻        2  -1   63   1   0   +0.0587 +0.40    0.6029  FAIL
  Σ(2000)⁰        2  +0   70   1   0   +0.0047 +0.33    0.5692  FAIL
  Σ(2000)⁺        2  +1   64   1   0   +0.0494 +0.10    0.6091  FAIL
  Σ(2030)⁻        2  -1   66   1   0   +0.0087 +0.18    0.6668  FAIL
  Σ(2030)⁰        2  +0   72   1   0   +0.0113 +0.10    0.5712  FAIL
  Σ(2030)⁺        2  +1   59   1   0   +0.1041 +0.41    0.5420  FAIL
  Σ(2070)⁻        2  -1   68   1   0   +0.0166 +0.10    0.6114  FAIL
  Σ(2070)⁰        2  +0   75   1   0   +0.1301 +0.42    0.5753  FAIL
  Σ(2070)⁺        2  +1   69   1   0   +0.2420 +0.13    0.6829  FAIL
  Σ(2080)⁻        2  -1   69   1   0   +0.0365 +0.21    0.6133  FAIL
  Σ(2080)⁰        2  +0   76   1   0   +0.0906 +0.11    0.6458  FAIL
  Σ(2080)⁺        2  +1   70   1   0   +0.0255 +0.01    0.6210  FAIL
  Σ(2100)⁻        2  -1   70   1   0   +0.0091 +0.23    0.6169  FAIL
  Σ(2100)⁰        2  +0   77   1   0   +0.0813 +0.32    0.6490  FAIL
  Σ(2100)⁺        2  +1   71   1   0   +0.0212 +0.32    0.6924  FAIL
  Σ(2250)⁻        2  -1   76   1   0   +0.0509 +0.41    0.6253  FAIL
  Σ(2250)⁰        2  +0   84   1   0   +0.0963 +0.34    0.5877  FAIL
  Σ(2250)⁺        2  +1   78   1   0   +0.1990 +0.02    0.6362  FAIL
  Σ(2455)⁻        2  -1   94   1   0   +0.0141 +0.39    0.6561  FAIL
  Σ(2455)⁰        2  +0  104   1   1   +0.2091 +0.34    0.5435  FAIL
  Σ(2455)⁺        2  +1   85   1   0   +0.2519 +0.40    0.6493  FAIL
  Σ(2620)⁻        2  -1  110   1   0   +1.5557 +0.09    0.6838  FAIL
  Σ(2620)⁰        2  +0  121   1   1   +0.0039 +0.30    0.4280  FAIL
  Σ(2620)⁺        2  +1  103   1   0   +0.1117 +0.02    0.6165  FAIL
  Σ(3000)⁻        2  -1  136   1   0   +1.0166 +36.00    0.7271  FAIL
  Σ(3000)⁰        2  +0  150   1   1   +0.0615 +0.16    0.2417  FAIL
  Σ(3000)⁺        2  +1  140   1   0   +0.0484 +0.09    0.7518  FAIL

  Baryons: 21 pass / 124 fail

=== Cross-reference with Heim's named exceptions ===
  Heim's named exceptions: ['N(1688)', "η'(958)", 'ω(783)']
  Our failed entries (subset shown):
    expected (Heim-named): ['N(1688)±', "η'(958)", 'ω(783)']
    additional fails:      153 entries
