====================================================================================================
 z=0 verification restricted to NON-UNDERLINED entries
 (per Heim J0032 p.27a: only non-underlined N's are stepwise z=0)
====================================================================================================

Baryons: 145, Mesons: 36 candidates

=== k=1 mesons (non-underlined only) ===
  symbol          P  qx    N  Q₀   κ        ΔM   ΔKB      |Δf|  verdict
  ------------------------------------------------------------------------------------------------
  ε               0  +0   49   0   0   +0.0214 +0.00    0.0000  PASS
  ω(783)          0  +0   64   2   1   +1.6310 +4.00   17.0075  FAIL
  Φ(1019)         0  +0  153   2   1  +17.2791 +16.00   21.3487  FAIL
  E(1420)         0  +0  272   0   0   +2.6865 +35.00    0.1159  FAIL
  ω(1675)         0  +0  342   2   1  +25.9899 +24.00   30.1359  FAIL
  K*(892)±        1  +1   11   0   1   +0.0184 +0.23    0.1728  FAIL
  K*(1420)⁰       1  +0   98   0   1   +0.1416 +0.00    0.0184  FAIL
  K*(1420)±       1  +1  101   0   1   +0.0439 +0.49    0.0876  FAIL
  L(1770)⁰        1  +0  161   0   1  +38.0770 +18.00    0.0058  FAIL
  L(1770)±        1  +1  164   0   1   +0.0328 +0.42    0.0206  PASS
  ρ(770)⁰         2  +0    8   0   1   +0.0239 +0.00    0.0328  PASS
  ρ(770)±         2  +1    5   0   1   +0.0239 +0.25    0.3426  FAIL
  δ(970)⁰         2  +0   39   0   1   +9.7859 +0.00    0.0148  FAIL
  δ(970)±         2  +1   21   0   1   +4.3969 +0.11    0.2654  FAIL
  A1(1100)⁰       2  +0   76   0   1  +18.7753 +0.00    0.4858  FAIL
  A1(1100)±       2  +1   48   0   1  +24.2346 +0.21    0.5222  FAIL
  A2(1310)⁰       2  +0  127   0   1  +23.5388 +0.00    0.6361  FAIL
  A2(1310)±       2  +1   86   0   1  +60.8692 +13.00    0.6518  FAIL
  ρ'(1600)⁰       2  +0  215   0   0   +0.0499 +0.00    0.9956  FAIL
  ρ'(1600)±       2  +1  156   0   1   +0.0498 +0.21    0.7016  FAIL
  g(1680)⁰        2  +0  228   0   0  +47.8056 +0.00    1.0892  FAIL
  g(1680)±        2  +1  165   0   1  +47.9595 +0.21    0.8025  FAIL

  Mesons (non-underlined): 3 pass / 19 fail

=== k=2 baryons (non-underlined only) ===
  symbol          P  qx    N  Q₀   κ        ΔM   ΔKB      |Δf|  verdict
  ------------------------------------------------------------------------------------------------
  N(1470)⁰        1  +0   13   1   1   +0.0456 +0.30    0.0774  FAIL
  N(1470)±        1  +1   12   1   0   +0.0460 +0.13    0.1198  FAIL
  N(1520)⁰        1  +0   14   1   1   +0.0468 +0.23    0.0660  FAIL
  N(1520)±        1  +1   13   1   0   +0.1711 +0.20    0.1203  FAIL
  N(1535)±        1  +1   17   1   0   +0.0248 +0.31    0.1236  FAIL
  N(1670)⁰        1  +0   23   1   1   +0.0011 +0.37    0.0360  PASS
  N(1670)±        1  +1   22   1   0   +0.0521 +0.49    0.1242  FAIL
  N(1688)⁰        1  +0   24   1   1   +0.0055 +0.08    0.0484  PASS
  N(1688)±        1  +1   23   1   0   +0.0534 +0.01    0.1244  FAIL
  N(1700)⁰        1  +0   25   1   1   +0.5453 +0.48    0.0599  FAIL
  N(1770)⁰        1  +0   26   1   1   +0.0550 +0.10    0.0713  FAIL
  N(1770)±        1  +1   24   1   1   +0.0549 +0.23    0.1230  FAIL
  N(1780)±        1  +1   29   1   1   +0.0357 +0.20    0.0825  FAIL
  N(1810)±        1  +1   30   1   1   +0.0653 +0.14    0.1347  FAIL
  N(1990)±        1  +1   35   1   1   +0.0617 +0.37    0.0339  PASS
  N(2040)±        1  +1   41   1   1   +0.0945 +0.12    0.0412  PASS
  N(2100)⁰        1  +0   40   1   0   +2.8429 +0.17    0.1216  FAIL
  N(2100)±        1  +1   44   1   1   +0.0940 +0.17    0.0378  PASS
  N(2190)⁰        1  +0   49   1   0   +0.0683 +0.03    0.1225  FAIL
  N(2190)±        1  +1   46   1   1   +0.1529 +0.03    0.0541  FAIL
  N(2220)⁰        1  +0   50   1   0   +0.5674 +0.40    0.1225  FAIL
  N(2220)±        1  +1   47   1   1   +0.0697 +0.07    0.0640  FAIL
  N(2650)±        1  +1   69   1   0   +0.0248 +0.20    0.1280  FAIL
  N(3030)±        1  +1   85   1   0   +0.0942 +0.07    0.1285  FAIL
  N(3245)⁰        1  +0   95   1   0   +0.1004 +0.25    0.1237  FAIL
  N(3245)±        1  +1   90   1   0   +0.1003 +0.49    0.1286  FAIL
  N(3690)±        1  +1  113   1   0   +0.0448 +0.50    0.1288  FAIL
  N(3755)⁰        1  +0  113   1   0   +0.1072 +0.43    0.0011  FAIL
  N(3755)±        1  +1  115   1   0   +0.0863 +0.26    0.2306  FAIL
  Λ(1405)         0  +0   22   1   0   +0.0435 +0.17    0.0000  PASS
  Λ(1520)         0  +0   37   1   0   +0.0471 +0.20    0.0000  PASS
  Λ(1670)         0  +0   54   1   0   +0.0519 +0.23    0.0000  PASS
  Λ(1690)         0  +0   55   1   0   +1.0986 +0.16    0.0001  FAIL
  Λ(1750)         0  +0   58   1   0   +0.0545 +0.18    0.0000  PASS
  Λ(2020)         0  +0   88   1   0   +0.0277 +0.23    0.0545  FAIL
  Λ(2100)         0  +0   94   1   0   +0.0213 +0.28    0.0001  PASS
  Λ(2110)         0  +0   84   1   0   +0.1537 +0.29    0.0765  FAIL
  Ξ(1530)±        1  +1    2   1   1   +0.0554 +0.20    0.0476  PASS
  Ξ(1630)⁰        1  +0    7   1   1   +0.1251 +0.10    0.0285  FAIL
  Ξ(1630)±        1  +1    4   1   1   +0.0515 +0.12    0.0413  PASS
  Ξ(1940)⁰        1  +0   19   1   0   +1.6050 +0.20    0.1264  FAIL
  Ξ(1940)±        1  +1   13   1   1   +0.0604 +0.33    0.0356  PASS
  Ξ(2250)⁰        1  +0   31   1   0   +0.0698 +0.03    0.1458  FAIL
  Ξ(2250)±        1  +1   24   1   1   +0.0186 +0.10    0.1426  FAIL
  Ξ(2500)⁰        1  +0   42   1   0   +0.0022 +0.11    0.1627  FAIL
  Ξ(2500)±        1  +1   35   1   0   +0.1790 +0.01    0.2400  FAIL
  Δ(1890)         3  +0  124   3   1   +0.0755 +0.10    0.1031  FAIL
  Δ(1900)         3  +0  125   3   1   +0.0174 +0.32    0.1541  FAIL
  Δ(1950)         3  +0  134   3   1   +0.2527 +0.40    0.0549  FAIL
  Δ(2160)         3  +0  211   3   1   +0.1320 +0.47    0.2504  FAIL
  Δ(2850)         3  +0  419   3   1   +0.8352 +0.48    1.3046  FAIL
  Δ(3230)         3  +0  572   3   1   +0.1710 +0.24    1.9763  FAIL
  Σ(1385)⁰        2  +0    6   1   0   +0.1910 +0.32    0.4237  FAIL
  Σ(1440)⁰        2  +0    8   1   0   +0.2874 +0.32    0.4416  FAIL
  Σ(1480)⁰        2  +0   20   1   0   +0.1969 +0.44    0.4893  FAIL
  Σ(1620)⁰        2  +0   35   1   0   +0.0154 +0.10    0.5168  FAIL
  Σ(1670)⁻        2  -1   34   1   0   +0.0862 +0.32    0.5504  FAIL
  Σ(1670)⁰        2  +0   27   1   0   +0.0223 +0.03    0.5027  FAIL
  Σ(1670)⁺        2  +1   35   1   0   +0.0802 +0.00    0.5506  FAIL
  Σ(1690)⁻        2  -1   35   1   0   +0.0258 +0.10    0.5504  FAIL
  Σ(1690)⁰        2  +0   38   1   0   +0.0958 +0.48    0.5220  FAIL
  Σ(1690)⁺        2  +1   36   1   0   +0.0096 +0.37    0.5523  FAIL
  Σ(1750)⁻        2  -1   43   1   0   +0.0095 +0.20    0.5654  FAIL
  Σ(1750)⁰        2  +0   41   1   0   +0.0544 +0.37    0.5265  FAIL
  Σ(1765)⁰        2  +0   49   1   0   +0.0579 +0.31    0.5386  FAIL
  Σ(1840)⁰        2  +0   45   1   0   +0.0536 +0.11    0.5326  FAIL
  Σ(1880)⁻        2  -1   42   1   0   +0.0238 +0.04    0.5644  FAIL
  Σ(1880)⁺        2  +1   43   1   0   +0.0743 +0.38    0.4966  FAIL
  Σ(1915)⁻        2  -1   53   1   0   +0.0460 +0.13    0.5871  FAIL
  Σ(1915)⁰        2  +0   59   1   0   +0.0042 +0.18    0.5530  FAIL
  Σ(1915)⁺        2  +1   54   1   0   +0.1497 +0.22    0.5896  FAIL
  Σ(1940)⁻        2  -1   54   1   0   +0.1026 +0.39    0.5865  FAIL
  Σ(1940)⁰        2  +0   60   1   0   +0.1074 +0.32    0.5546  FAIL
  Σ(1940)⁺        2  +1   55   1   0   +0.0584 +0.29    0.5915  FAIL
  Σ(2000)⁰        2  +0   70   1   0   +0.0047 +0.33    0.5692  FAIL
  Σ(2030)⁻        2  -1   66   1   0   +0.0087 +0.18    0.6668  FAIL
  Σ(2030)⁰        2  +0   72   1   0   +0.0113 +0.10    0.5712  FAIL
  Σ(2070)⁰        2  +0   75   1   0   +0.1301 +0.42    0.5753  FAIL
  Σ(2080)⁰        2  +0   76   1   0   +0.0906 +0.11    0.6458  FAIL
  Σ(2100)⁰        2  +0   77   1   0   +0.0813 +0.32    0.6490  FAIL
  Σ(2250)⁻        2  -1   76   1   0   +0.0509 +0.41    0.6253  FAIL
  Σ(2250)⁰        2  +0   84   1   0   +0.0963 +0.34    0.5877  FAIL
  Σ(2250)⁺        2  +1   78   1   0   +0.1990 +0.02    0.6362  FAIL
  Σ(2455)⁻        2  -1   94   1   0   +0.0141 +0.39    0.6561  FAIL
  Σ(2455)⁰        2  +0  104   1   1   +0.2091 +0.34    0.5435  FAIL
  Σ(2620)⁻        2  -1  110   1   0   +1.5557 +0.09    0.6838  FAIL
  Σ(2620)⁰        2  +0  121   1   1   +0.0039 +0.30    0.4280  FAIL
  Σ(3000)⁰        2  +0  150   1   1   +0.0615 +0.16    0.2417  FAIL

  Baryons (non-underlined): 13 pass / 75 fail
    Fail breakdown: {'|Δf| ≥ 0.05': 48, 'both fail': 24, 'ΔM ≥ 0.1': 3}

====================================================================================================
 FINAL VERDICT on Heim's z=0 claim (J0032 p.27a, restricted to non-underlined):
====================================================================================================
  Pass rate: 16/110 = 14.5 %
  Mesons:  3/22
  Baryons: 13/88
